2016 3 21 23 11 35  11 3382288
2016 3 21 23 14 1  11 3382300
2016 3 21 23 23 31  11 3375905
2016 3 21 23 24 23  11 3375905
2016 3 26 20 16 29  11 3463590
2016 3 27 0 9 30  11 3477021
2016 3 27 0 11 57  11 3350213
2016 3 27 9 16 36  11 3348243
2016 3 27 9 19 21  11 3348193
2016 3 29 16 42 24  13 3353485
2016 3 29 16 44 11  12 3334694
2016 3 29 16 49 2  12 3371530
2016 3 29 17 0 14  12 3369345
2016 3 29 20 7 59  12 3369348
2016 3 30 12 39 17  12 3369345
2016 3 30 13 48 20  12 3370153
2016 3 30 13 54 30  12 3370866
2016 3 30 13 59 13  12 3370855
2016 3 30 14 45 36  12 3370843
2016 3 30 14 54 52  12 3370923
2016 3 30 15 17 55  12 3370843
2016 3 30 15 28 50  12 3370843
